Trong trường hợp có bước tính trung bình => Kmean

K=2----------------------------
87
82.86%
[[17.  2.  0.  2.  0.]
 [ 1. 14.  1.  0.  0.]
 [ 0.  2. 19.  0.  1.]
 [ 3.  3.  0. 18.  1.]
 [ 0.  0.  1.  1. 19.]]

91
86.67%
[[17.  2.  0.  0.  0.]
 [ 1. 14.  0.  0.  0.]
 [ 0.  2. 21.  0.  1.]
 [ 3.  2.  0. 20.  1.]
 [ 0.  1.  0.  1. 19.]]

89
84.76%
[[17.  2.  0.  2.  0.]
 [ 1. 14.  1.  0.  0.]
 [ 0.  2. 20.  0.  0.]
 [ 3.  3.  0. 18.  1.]
 [ 0.  0.  0.  1. 20.]]

K=3-----------------------------
93
88.57%
[[20.  2.  0.  3.  0.]
 [ 1. 17.  1.  0.  1.]
 [ 0.  0. 20.  0.  0.]
 [ 0.  2.  0. 17.  1.]
 [ 0.  0.  0.  1. 19.]]

94
89.52%
[[19.  3.  0.  3.  0.]
 [ 1. 17.  0.  0.  0.]
 [ 0.  0. 21.  0.  0.]
 [ 1.  1.  0. 17.  1.]
 [ 0.  0.  0.  1. 20.]] ------------max overall----------

91
86.67%
[[19.  0.  0.  1.  0.]
 [ 1. 16.  1.  0.  0.]
 [ 0.  1. 19.  0.  1.]
 [ 1.  4.  0. 18.  1.]
 [ 0.  0.  1.  2. 19.]]
K=4-----------------------------
92
87.62%
[[19.  2.  0.  1.  0.]
 [ 1. 16.  1.  0.  0.]
 [ 0.  2. 20.  0.  1.]
 [ 1.  1.  0. 18.  1.]
 [ 0.  0.  0.  2. 19.]]

89
84.76%
[[17.  3.  0.  2.  0.]
 [ 1. 14.  0.  0.  0.]
 [ 0.  2. 21.  0.  0.]
 [ 3.  2.  0. 18.  2.]
 [ 0.  0.  0.  1. 19.]]

90
85.71%
[[18.  1.  0.  3.  0.]
 [ 1. 15.  0.  0.  0.]
 [ 0.  2. 21.  0.  1.]
 [ 2.  3.  0. 17.  1.]
 [ 0.  0.  0.  1. 19.]]

K=5-----------------------------
85
80.95%
[[18.  2.  0.  3.  0.]
 [ 1. 14.  1.  0.  0.]
 [ 0.  2. 19.  0.  1.]
 [ 2.  3.  0. 16.  2.]
 [ 0.  0.  1.  2. 18.]]

89
84.76%
[[18.  0.  0.  2.  0.]
 [ 1. 18.  0.  0.  0.]
 [ 0.  1. 18.  0.  2.]
 [ 2.  2.  0. 17.  1.]
 [ 0.  0.  3.  2. 18.]]

88
83.81%
[[19.  5.  0.  1.  0.]
 [ 1. 15.  1.  2.  0.]
 [ 0.  0. 20.  0.  2.]
 [ 1.  1.  0. 16.  1.]
 [ 0.  0.  0.  2. 18.]]

Trong trường hợp tính thẳng Kmean của tất cả các khung cùng nguyên âm
K=2-----------------------------
87
82.86%
[[19.  2.  0.  1.  0.]
 [ 1. 13.  1.  0.  0.]
 [ 0.  2. 19.  0.  1.]
 [ 1.  1.  0. 17.  1.]
 [ 0.  3.  1.  3. 19.]]

86
81.90%
[[18.  2.  0.  1.  0.]
 [ 1. 13.  1.  0.  0.]
 [ 0.  2. 19.  0.  1.]
 [ 2.  1.  0. 17.  1.]
 [ 0.  3.  1.  3. 19.]]

86
81.90%
[[18.  2.  0.  1.  0.]
 [ 1. 14.  2.  0.  0.]
 [ 0.  1. 19.  0.  1.]
 [ 2.  1.  0. 16.  1.]
 [ 0.  3.  0.  4. 19.]]
K=3-----------------------------
88
83.81%
[[18.  4.  0.  3.  0.]
 [ 1. 13.  0.  0.  0.]
 [ 0.  1. 21.  0.  0.]
 [ 2.  2.  0. 16.  1.]
 [ 0.  1.  0.  2. 20.]]

85
80.95%
[[16.  2.  0.  3.  0.]
 [ 3. 13.  0.  0.  0.]
 [ 0.  1. 21.  0.  0.]
 [ 2.  2.  0. 16.  2.]
 [ 0.  3.  0.  2. 19.]]

87
82.86%
[[19.  3.  0.  2.  0.]
 [ 2. 13.  2.  0.  0.]
 [ 0.  1. 19.  0.  0.]
 [ 0.  2.  0. 17.  2.]
 [ 0.  2.  0.  2. 19.]]
K=4-----------------------------
91
86.67%
[[18.  2.  0.  1.  0.]
 [ 2. 16.  1.  0.  0.]
 [ 0.  0. 20.  0.  1.]
 [ 1.  2.  0. 18.  1.]
 [ 0.  1.  0.  2. 19.]]

92
87.62%
[[20.  4.  0.  2.  0.]
 [ 1. 15.  1.  0.  0.]
 [ 0.  0. 20.  0.  0.]
 [ 0.  2.  0. 17.  1.]
 [ 0.  0.  0.  2. 20.]]

90
85.71%
[[20.  2.  0.  1.  0.]
 [ 1. 13.  1.  0.  0.]
 [ 0.  3. 18.  0.  0.]
 [ 0.  2.  0. 19.  1.]
 [ 0.  1.  2.  1. 20.]]

K=5-----------------------------
88
83.81%
[[20.  4.  0.  1.  0.]
 [ 1. 14.  1.  0.  0.]
 [ 0.  1. 18.  0.  3.]
 [ 0.  1.  0. 19.  1.]
 [ 0.  1.  2.  1. 17.]]

89
84.76%
[[20.  1.  0.  1.  0.]
 [ 1. 15.  2.  1.  0.]
 [ 0.  2. 18.  0.  2.]
 [ 0.  3.  0. 18.  1.]
 [ 0.  0.  1.  1. 18.]]

94
89.52%
[[20.  1.  0.  1.  0.]
 [ 1. 18.  0.  0.  0.]
 [ 0.  0. 19.  0.  2.]
 [ 0.  2.  0. 18.  0.]
 [ 0.  0.  2.  2. 19.]] -------------max overall------------